ayuntamiento g
0,0 1000,10 4000,3600 25000,10800 150000,21600 750000,43200 1000000,64800 2000000,86400 3000000,172800 3500000,216000 4000000,237600 6000000,367200 9000000,648000 15000000,1144800 18000000,1296000
castillo e
10000,0 100000,28800 800000,43200 1200000,86400 2500000,172800 4200000,432000 5500000,540000 8500000,842400 12000000,1166400 18000000,1641600 20000000,1728000
laboratorio e
5000,60 25000,3600 50000,7200 100000,14400 200000,28800 400000,57600 800000,86400 1300000,151200 2100000,237600 4200000,367200 6800000,583200 11500000,993600 12500000,1036800
cuartel e
100,10 500,60 2500,600 5000,3600 20000,28800 120000,43200 270000,64800 800000,86400 1200000,129600 1700000,216000 2600000,345600 3700000,475200 6500000,648000 9000000,864000 12500000,1123200 15000000,1382400
cuartelOscuro e
200000,28800 600000,86400 1000000,129600 1600000,172800 2200000,302400 2900000,388800 4000000,561600 7500000,691200 10000000,907200
taller e
3500000,367200 5500000,475200 7500000,604800 11000000,907200 12000000,1036800 16500000,1468800 19000000,1555200
campamentos e
200,300 2000,900 10000,7200 100000,18000 250000,28800 750000,43200 1500000,172800 2500000,259200 4200000,540000 6300000,842400 12000000,1036800 19000000,1382400
cuartelAnimales e
14000000,1058400 16500000,1231200 17500000,1382400 18500000,1555200 19750000,1641600 20000000,1663200 20250000,1684800 20500000,1706400
